16
48
8
4
4
20
8
8
12
14
4
8
4
16
4
4
8
8
16
64
16
16
4
6
8
8
2
8
32
8
32
4
2
8
20
12
8
12
8
4
4
48
84
8
16
16
4
16
32
72
16
4
4
8
8
2
4
8
16
4
4
8
8
4
4
8
24
4
32
8
48
8
6
6
192
24
6
36
6
16
16
40
16
16
24
4
8
8
4
4
16
16
4
8
2
64
20
8
20
12
4
128
16
32
4
16
8
12
4
48
8
24
32
32
4
8
6
72
20
12
8
2
2
36
16
16
4
20
8
2
16
4
8
8
8
8
2
8
4
12
8
12
14
8
4
32
36
8
2
10
16
8
8
16
16
24
48
8
4
8
2
16
4
16
2
6
8
24
24
8
16
64
24
24
8
4
6
72
2
48
32
8
32
16
2
8
4
16
32
4
8
4
64
8
4
8
72
12
6
16
24
32
4
16
36
6
16
96
12
4
12
2
16
4
16
8
48
16
32
16
4
32
12
4
16
8
48
12
16
8
20
16
4
4
24
8
12
4
12
2
4
4
64
4
32
24
24
48
4
4
8
12
8
24
20
4
8
16
8
8
48
32
8
4
40
18
4
4
160
24
16
12
8
16
84
32
6
4
8
8
4
48
4
4
8
48
36
16
96
96
8
12
16
144
120
192
8
16
8
16
6
4
48
4
16
8
4
8
16
32
8
16
36
8
8
2
16
8
4
2
40
16
8
2
16
48
8
32
48
48
16
2
8
16
4
16
16
16
16
8
8
2
16
24
4
12
4
8
6
8
8
48
8
12
48
6
16
128
8
6
96
16
16
24
16
8
16
8
64
4
56
8
16
6
6
4
16
8
72
14
20
6
4
8
8
8
8
120
8
32
8
16
8
16
16
10
8
16
8
16
8
96
36
8
24
16
8
16
8
16
4
8
36
8
8
16
2
96
2
8
8
192
32
16
4
4
6
8
18
16
88
16
8
4
8
6
32
4
12
16
2
2
6
40
40
20
8
8
40
8
32
12
12
4
16
8
8
8
20
8
32
16
72
32
8
8
4
8
6
48
12
16
32
8
16
36
8
16
4
8
4
4
4
4
32
4
12
256
4
2
2
12
4
8
24
12
36
48
12
12
8
8
16
4
2
16
4
4
12
4
64
2
2
4
8
2
16
12
24
4
4
4
12
24
40
8
16
20
56
24
16
8
8
2
8
4
8
8
32
8
32
16
4
8
4
16
32
16
2
80
12
8
24
18
48
4
32
4
16
32
16
24
16
4
12
8
12
8
16
32
56
8
80
16
24
20
12
8
4
24
16
16
64
32
32
4
16
12
12
8
32
4
12
32
8
4
24
24
4
16
16
2
4
10
8
8
24
6
16
16
4
8
4
12
16
16
12
16
12
4
6
32
4
8
14
4
24
24
2
96
8
4
24
72
16
8
12
48
4
4
8
32
32
4
6
48
12
32
24
8
48
12
4
24
16
6
32
36
8
4
48
24
4
16
4
2
72
16
4
12
8
16
4
8
28
108
16
24
48
40
4
8
24
40
16
36
16
252
8
24
8
32
8
2
16
2
8
16
16
32
24
8
8
8
24
10
8
12
16
16
72
8
4
12
8
2
2
24
32
16
60
24
8
24
8
12
48
4
24
2
16
16
4
4
24
16
4
32
24
8
2
2
28
32
24
32
8
24
2
8
8
8
24
96
96
2
8
8
63
16
48
12
16
4
18
48
16
32
48
48
60
8
4
4
2
16
8
16
16
32
4
8
12
4
4
6
12
4
4
12
12
8
8
8
32
32
4
32
8
32
8
24
4
2
4
4
8
24
4
4
4
4
8
12
16
4
20
8
4
12
8
8
32
12
8
16
12
16
32
8
16
4
4
24
16
4
64
8
24
16
12
4
16
12
8
12
4
4
16
8
4
2
24
28
8
24
24
8
16
12
24
72
32
24
24
48
12
72
32
2
8
14
16
8
8
24
6
32
48
12
8
8
4
16
4
36
6
32
72
12
4
12
16
8
24
8
8
40
16
8
4
24
32
8
4
20
32
8
8
4
40
12
8
16
16
24
32
24
4
32
64
4
8
10
32
4
64
12
16
16
2
16
4
96
12
4
8
48
168
48
8
32
4
4
6
32
32
4
16
64
12
2
16
8
8
8
12
16
32
16
2
24
4
8
8
48
12
16
4
32
8
48
4
16
96
2
6
4
16
4
32
32
32
64
8
144
2
32
8
8
12
48
16
4
16
8
48
24
128
16
8
24
8
12
8
48
72
16
8
8
8
8
8
12
4
16
8
24
8
8
48
8
48
8
4
24
6
18
4
4
112
16
16
128
24
8
16
4
4
24
112
16
24
2
4
16
8
4
24
8
96
4
4
16
56
2
16
8
8
12
12
16
28
16
24
16
8
4
64
64
8
8
16
4
24
8
128
2
48
16
8
4
12
18
16
24
12
16
24
12
8
4
16
2
2
4
8
72
16
16
4
120
32
16
2
64
2
8
8
2
24
4
16
16
8
32
4
8
16
20
4
8
8
12
8
24
16
4
48
16
32
8
8
12
8
8
32
2
32
120
2
8
8
12
24
32
8
16
24
24
16
4
8
4
48
32
32
8
48
16
32
4
8
16
36
8
12
8
16
2
48
48
8
8
24
40
40
2
24
8
64
8
64
36
32
16
8
40
4
4
16
8
8
8
36
16
24
8
48
4
16
8
24
12
4
48
2
32
4
36
8
72
4
16
4
12
8
2
16
4
4
32
4
16
4
8
96
8
16
8
32
16
32
8
16
40
30
16
4
240
24
8
24
8
64
24
48
2
32
4
64
8
32
2
4
8
12
8
16
8
8
24
4
4
4
16
36
4
2
24
12
12
16
72
4
16
4
96
8
8
32
16
48
16
2
6
4
16
4
12
2
16
8
4
32
8
16
12
16
12
96
4
2
16
4
144
32
32
8
4
64
16
8
4
16
12
96
8
64
16
8
8
24
12
32
8
30
48
24
8
32
12
32
8
18
6
4
8
8
32
12
32
8
48
16
16
4
4
2
8
84
16
12
30
32
6
2
16
8
4
8
4
24
6
16
144
2
12
32
36
32
24
8
16
12
16
16
18
16
8
4
8
32
12
32
8
8
32
16
8
32
72
2
48
12
24
8
64
8
64
18
16
4
64
16
24
8
80
8
64
48
16
4
24
4
2
24
10
32
16
4
12
16
8
8
16
8
8
40
32
8
16
16
48
32
48
16
48
8
6
